#  N   trapezoid     Simpsons      Gauss      GSL      3-8
#---------------------------------------------------------
0.845098  -2.635685e+00  -5.369312e+00  -1.027425e+01  -1.575539e+01  -5.018559e+00
1.113943e+00  -3.237594e+00  -6.572356e+00  -1.021322e+01  -1.575539e+01  -6.220533e+00
1.278754e+00  -3.589749e+00  -7.276522e+00  -1.040946e+01  -1.575539e+01  -6.924499e+00
1.397940e+00  -3.839616e+00  -7.776207e+00  -1.053367e+01  -1.575539e+01  -7.424114e+00
1.491362e+00  -4.033432e+00  -8.163815e+00  -1.055835e+01  -1.575539e+01  -7.811690e+00
1.568202e+00  -4.191792e+00  -8.480522e+00  -1.059994e+01  -1.575539e+01  -8.128380e+00
1.633468e+00  -4.325684e+00  -8.748299e+00  -1.035684e+01  -1.575539e+01  -8.396146e+00
1.690196e+00  -4.441667e+00  -8.980260e+00  -1.021105e+01  -1.575539e+01  -8.628100e+00
1.740363e+00  -4.543971e+00  -9.184865e+00  -8.781072e+00  -1.575539e+01  -8.832700e+00
1.785330e+00  -4.635486e+00  -9.367892e+00  -8.850755e+00  -1.575539e+01  -9.015724e+00
1.826075e+00  -4.718271e+00  -9.533461e+00  -8.926383e+00  -1.575539e+01  -9.181290e+00
1.863323e+00  -4.793848e+00  -9.684613e+00  -8.979056e+00  -1.575539e+01  -9.332440e+00
1.897627e+00  -4.863372e+00  -9.823661e+00  -9.024859e+00  -1.575539e+01  -9.471484e+00
1.929419e+00  -4.927741e+00  -9.952396e+00  -9.065788e+00  -1.575539e+01  -9.600223e+00
1.959041e+00  -4.987667e+00  -1.007225e+01  -9.103233e+00  -1.575539e+01  -9.720073e+00
1.986772e+00  -5.043724e+00  -1.018436e+01  -9.106116e+00  -1.575539e+01  -9.832186e+00
2.012837e+00  -5.096382e+00  -1.028968e+01  -9.138072e+00  -1.575539e+01  -9.937501e+00
2.037426e+00  -5.146029e+00  -1.038898e+01  -9.130190e+00  -1.575539e+01  -1.003679e+01
2.060698e+00  -5.192992e+00  -1.048289e+01  -9.159612e+00  -1.575539e+01  -1.013072e+01
2.082785e+00  -5.237544e+00  -1.057200e+01  -9.144286e+00  -1.575539e+01  -1.021982e+01
2.103804e+00  -5.279923e+00  -1.065675e+01  -9.172375e+00  -1.575539e+01  -1.030458e+01
2.123852e+00  -5.320330e+00  -1.073757e+01  -9.151060e+00  -1.575539e+01  -1.038539e+01
2.143015e+00  -5.358940e+00  -1.081479e+01  -9.178250e+00  -1.575539e+01  -1.046261e+01
2.161368e+00  -5.395907e+00  -1.088871e+01  -9.151396e+00  -1.575539e+01  -1.053654e+01
2.178977e+00  -5.431364e+00  -1.095964e+01  -9.177816e+00  -1.575539e+01  -1.060746e+01
2.195900e+00  -5.465431e+00  -1.102780e+01  -9.145315e+00  -1.575539e+01  -1.067559e+01
2.212188e+00  -5.498212e+00  -1.109333e+01  -9.170988e+00  -1.575539e+01  -1.074115e+01
2.227887e+00  -5.529800e+00  -1.115657e+01  -9.196070e+00  -1.575539e+01  -1.080430e+01
2.243038e+00  -5.560280e+00  -1.121743e+01  -9.157300e+00  -1.575539e+01  -1.086529e+01
2.257679e+00  -5.589726e+00  -1.127639e+01  -9.181631e+00  -1.575539e+01  -1.092417e+01
2.271842e+00  -5.618207e+00  -1.133336e+01  -9.135999e+00  -1.575539e+01  -1.098113e+01
2.285557e+00  -5.645784e+00  -1.138850e+01  -9.159578e+00  -1.575539e+01  -1.103632e+01
2.298853e+00  -5.672512e+00  -1.144192e+01  -9.182604e+00  -1.575539e+01  -1.108978e+01
2.311754e+00  -5.698442e+00  -1.149384e+01  -9.205097e+00  -1.575539e+01  -1.114156e+01
2.324282e+00  -5.723620e+00  -1.154406e+01  -9.151177e+00  -1.575539e+01  -1.119191e+01
2.336460e+00  -5.748089e+00  -1.159303e+01  -9.172959e+00  -1.575539e+01  -1.124090e+01
2.348305e+00  -5.771887e+00  -1.164068e+01  -9.194251e+00  -1.575539e+01  -1.128857e+01
2.359835e+00  -5.795051e+00  -1.168706e+01  -9.130829e+00  -1.575539e+01  -1.133489e+01
2.371068e+00  -5.817613e+00  -1.173238e+01  -9.151444e+00  -1.575539e+01  -1.138006e+01
2.382017e+00  -5.839604e+00  -1.177598e+01  -9.171610e+00  -1.575539e+01  -1.142390e+01
2.392697e+00  -5.861052e+00  -1.181913e+01  -9.191343e+00  -1.575539e+01  -1.146683e+01
2.403121e+00  -5.881982e+00  -1.186091e+01  -9.210662e+00  -1.575539e+01  -1.150874e+01
2.413300e+00  -5.902421e+00  -1.190145e+01  -9.135459e+00  -1.575539e+01  -1.154962e+01
2.423246e+00  -5.922389e+00  -1.194174e+01  -9.154182e+00  -1.575539e+01  -1.158949e+01
2.432969e+00  -5.941909e+00  -1.198007e+01  -9.172525e+00  -1.575539e+01  -1.162851e+01
2.442480e+00  -5.961000e+00  -1.201907e+01  -9.190504e+00  -1.575539e+01  -1.166679e+01
2.451786e+00  -5.979680e+00  -1.205712e+01  -9.208130e+00  -1.575539e+01  -1.170408e+01
2.460898e+00  -5.997966e+00  -1.209263e+01  -9.118588e+00  -1.575539e+01  -1.174062e+01
2.469822e+00  -6.015876e+00  -1.212895e+01  -9.135693e+00  -1.575539e+01  -1.177643e+01
2.478566e+00  -6.033424e+00  -1.216377e+01  -9.152478e+00  -1.575539e+01  -1.181155e+01
2.487138e+00  -6.050624e+00  -1.219764e+01  -9.168951e+00  -1.575539e+01  -1.184621e+01
2.495544e+00  -6.067491e+00  -1.223177e+01  -9.185126e+00  -1.575539e+01  -1.187987e+01
2.503791e+00  -6.084036e+00  -1.226487e+01  -9.201013e+00  -1.575539e+01  -1.191297e+01
2.511883e+00  -6.100271e+00  -1.229842e+01  -9.216621e+00  -1.575539e+01  -1.194536e+01
2.519828e+00  -6.116209e+00  -1.233002e+01  -9.231960e+00  -1.575539e+01  -1.197709e+01
2.527630e+00  -6.131860e+00  -1.236006e+01  -9.123901e+00  -1.575539e+01  -1.200798e+01
2.535294e+00  -6.147234e+00  -1.239140e+01  -9.138823e+00  -1.575539e+01  -1.203914e+01
2.542825e+00  -6.162340e+00  -1.242134e+01  -9.153497e+00  -1.575539e+01  -1.206956e+01
2.550228e+00  -6.177188e+00  -1.245047e+01  -9.167931e+00  -1.575539e+01  -1.209862e+01
2.557507e+00  -6.191786e+00  -1.247985e+01  -9.182132e+00  -1.575539e+01  -1.212833e+01
2.564666e+00  -6.206143e+00  -1.250914e+01  -9.196108e+00  -1.575539e+01  -1.215693e+01
2.571709e+00  -6.220267e+00  -1.253528e+01  -9.209867e+00  -1.575539e+01  -1.218555e+01
2.578639e+00  -6.234165e+00  -1.256422e+01  -9.223414e+00  -1.575539e+01  -1.221344e+01
2.585461e+00  -6.247844e+00  -1.259372e+01  -9.236755e+00  -1.575539e+01  -1.224084e+01
2.592177e+00  -6.261311e+00  -1.262121e+01  -9.104588e+00  -1.575539e+01  -1.226825e+01
2.598791e+00  -6.274572e+00  -1.264615e+01  -9.117599e+00  -1.575539e+01  -1.229389e+01
2.605305e+00  -6.287633e+00  -1.266974e+01  -9.130421e+00  -1.575539e+01  -1.231970e+01
2.611723e+00  -6.300502e+00  -1.269848e+01  -9.143057e+00  -1.575539e+01  -1.234749e+01
2.618048e+00  -6.313182e+00  -1.272277e+01  -9.155515e+00  -1.575539e+01  -1.237175e+01
2.624282e+00  -6.325680e+00  -1.274892e+01  -9.167797e+00  -1.575539e+01  -1.239688e+01
2.630428e+00  -6.338000e+00  -1.277267e+01  -9.179911e+00  -1.575539e+01  -1.242053e+01
2.636488e+00  -6.350149e+00  -1.279683e+01  -9.191859e+00  -1.575539e+01  -1.244533e+01
2.642465e+00  -6.362130e+00  -1.282292e+01  -9.203646e+00  -1.575539e+01  -1.246961e+01
2.648360e+00  -6.373947e+00  -1.284583e+01  -9.215276e+00  -1.575539e+01  -1.249175e+01
2.654177e+00  -6.385606e+00  -1.286946e+01  -9.226755e+00  -1.575539e+01  -1.251459e+01
2.659916e+00  -6.397111e+00  -1.288675e+01  -9.238085e+00  -1.575539e+01  -1.253922e+01
2.665581e+00  -6.408465e+00  -1.291403e+01  -9.249270e+00  -1.575539e+01  -1.256143e+01
2.671173e+00  -6.419673e+00  -1.294181e+01  -9.260314e+00  -1.575539e+01  -1.258308e+01
2.676694e+00  -6.430738e+00  -1.295812e+01  -9.094633e+00  -1.575539e+01  -1.260957e+01
2.682145e+00  -6.441664e+00  -1.298160e+01  -9.105439e+00  -1.575539e+01  -1.262893e+01
2.687529e+00  -6.452454e+00  -1.299875e+01  -9.116114e+00  -1.575539e+01  -1.265022e+01
2.692847e+00  -6.463111e+00  -1.302139e+01  -9.126658e+00  -1.575539e+01  -1.266939e+01
2.698101e+00  -6.473640e+00  -1.304443e+01  -9.137079e+00  -1.575539e+01  -1.269243e+01
2.703291e+00  -6.484042e+00  -1.306608e+01  -9.147376e+00  -1.575539e+01  -1.271281e+01
2.708421e+00  -6.494322e+00  -1.308422e+01  -9.157553e+00  -1.575539e+01  -1.273544e+01
2.713491e+00  -6.504481e+00  -1.310605e+01  -9.167613e+00  -1.575539e+01  -1.275626e+01
2.718502e+00  -6.514522e+00  -1.312192e+01  -9.177557e+00  -1.575539e+01  -1.277312e+01
2.723456e+00  -6.524449e+00  -1.314261e+01  -9.187391e+00  -1.575539e+01  -1.279397e+01
2.728354e+00  -6.534264e+00  -1.316880e+01  -9.197113e+00  -1.575539e+01  -1.281190e+01
2.733197e+00  -6.543969e+00  -1.318836e+01  -9.206730e+00  -1.575539e+01  -1.283422e+01
2.737987e+00  -6.553567e+00  -1.320030e+01  -9.216240e+00  -1.575539e+01  -1.285067e+01
2.742725e+00  -6.563059e+00  -1.322905e+01  -9.225649e+00  -1.575539e+01  -1.286834e+01
2.747412e+00  -6.572450e+00  -1.324084e+01  -9.234957e+00  -1.575539e+01  -1.288851e+01
2.752048e+00  -6.581739e+00  -1.325985e+01  -9.244168e+00  -1.575539e+01  -1.290597e+01
2.756636e+00  -6.590931e+00  -1.327972e+01  -9.253282e+00  -1.575539e+01  -1.292996e+01
2.761176e+00  -6.600026e+00  -1.329001e+01  -9.262301e+00  -1.575539e+01  -1.294516e+01
2.765669e+00  -6.609027e+00  -1.330668e+01  -9.271228e+00  -1.575539e+01  -1.296440e+01
2.770115e+00  -6.617936e+00  -1.333875e+01  -9.280065e+00  -1.575539e+01  -1.298014e+01
2.774517e+00  -6.626754e+00  -1.336445e+01  -9.288814e+00  -1.575539e+01  -1.300257e+01
2.778874e+00  -6.635484e+00  -1.335399e+01  -9.073515e+00  -1.575539e+01  -1.302219e+01
2.783189e+00  -6.644127e+00  -1.337881e+01  -9.082108e+00  -1.575539e+01  -1.302622e+01
2.787460e+00  -6.652684e+00  -1.341297e+01  -9.090615e+00  -1.575539e+01  -1.305642e+01
2.791691e+00  -6.661158e+00  -1.341495e+01  -9.099042e+00  -1.575539e+01  -1.306697e+01
2.795880e+00  -6.669550e+00  -1.342094e+01  -9.107386e+00  -1.575539e+01  -1.308514e+01
2.800029e+00  -6.677862e+00  -1.346759e+01  -9.115652e+00  -1.575539e+01  -1.310025e+01
2.804139e+00  -6.686095e+00  -1.348123e+01  -9.123840e+00  -1.575539e+01  -1.311293e+01
2.808211e+00  -6.694251e+00  -1.349294e+01  -9.131953e+00  -1.575539e+01  -1.313111e+01
2.812245e+00  -6.702331e+00  -1.349294e+01  -9.139989e+00  -1.575539e+01  -1.315879e+01
2.816241e+00  -6.710337e+00  -1.352239e+01  -9.147952e+00  -1.575539e+01  -1.315660e+01
2.820201e+00  -6.718269e+00  -1.355127e+01  -9.155844e+00  -1.575539e+01  -1.318252e+01
2.824126e+00  -6.726130e+00  -1.356227e+01  -9.163664e+00  -1.575539e+01  -1.321008e+01
2.828015e+00  -6.733920e+00  -1.357070e+01  -9.171415e+00  -1.575539e+01  -1.321381e+01
2.831870e+00  -6.741641e+00  -1.359402e+01  -9.179098e+00  -1.575539e+01  -1.323164e+01
2.835691e+00  -6.749293e+00  -1.359402e+01  -9.186713e+00  -1.575539e+01  -1.324484e+01
2.839478e+00  -6.756879e+00  -1.361867e+01  -9.194261e+00  -1.575539e+01  -1.325985e+01
2.843233e+00  -6.764400e+00  -1.368351e+01  -9.201746e+00  -1.575539e+01  -1.327395e+01
2.846955e+00  -6.771855e+00  -1.361551e+01  -9.209167e+00  -1.575539e+01  -1.329001e+01
2.850646e+00  -6.779248e+00  -1.364145e+01  -9.216523e+00  -1.575539e+01  -1.330514e+01
2.854306e+00  -6.786578e+00  -1.367621e+01  -9.223820e+00  -1.575539e+01  -1.332888e+01
2.857935e+00  -6.793846e+00  -1.367984e+01  -9.231055e+00  -1.575539e+01  -1.332725e+01
2.861534e+00  -6.801054e+00  -1.370617e+01  -9.238231e+00  -1.575539e+01  -1.334042e+01
2.865104e+00  -6.808203e+00  -1.370231e+01  -9.245346e+00  -1.575539e+01  -1.334885e+01
2.868644e+00  -6.815294e+00  -1.373008e+01  -9.252406e+00  -1.575539e+01  -1.337699e+01
2.872156e+00  -6.822327e+00  -1.378226e+01  -9.259409e+00  -1.575539e+01  -1.337157e+01
2.875640e+00  -6.829304e+00  -1.381091e+01  -9.266355e+00  -1.575539e+01  -1.340514e+01
2.879096e+00  -6.836225e+00  -1.379160e+01  -9.273245e+00  -1.575539e+01  -1.341893e+01
2.882525e+00  -6.843091e+00  -1.375107e+01  -9.280084e+00  -1.575539e+01  -1.342701e+01
2.885926e+00  -6.849904e+00  -1.377767e+01  -9.286868e+00  -1.575539e+01  -1.346092e+01
2.889302e+00  -6.856663e+00  -1.380115e+01  -9.293598e+00  -1.575539e+01  -1.345436e+01
2.892651e+00  -6.863370e+00  -1.378226e+01  -9.300280e+00  -1.575539e+01  -1.347436e+01
2.895975e+00  -6.870026e+00  -1.385230e+01  -9.306908e+00  -1.575539e+01  -1.347893e+01
2.899273e+00  -6.876632e+00  -1.386890e+01  -9.313487e+00  -1.575539e+01  -1.349294e+01
2.902547e+00  -6.883187e+00  -1.383111e+01  -9.320017e+00  -1.575539e+01  -1.350497e+01
2.905796e+00  -6.889693e+00  -1.387458e+01  -9.326496e+00  -1.575539e+01  -1.353008e+01
2.909021e+00  -6.896151e+00  -1.389207e+01  -9.029490e+00  -1.575539e+01  -1.353791e+01
2.912222e+00  -6.902562e+00  -1.392931e+01  -9.035882e+00  -1.575539e+01  -1.354320e+01
2.915400e+00  -6.908925e+00  -1.397724e+01  -9.042227e+00  -1.575539e+01  -1.357070e+01
2.918555e+00  -6.915242e+00  -1.393585e+01  -9.048526e+00  -1.575539e+01  -1.360926e+01
2.921686e+00  -6.921513e+00  -1.393585e+01  -9.054779e+00  -1.575539e+01  -1.356506e+01
2.924796e+00  -6.927740e+00  -1.397724e+01  -9.060987e+00  -1.575539e+01  -1.361867e+01
2.927883e+00  -6.933922e+00  -1.404782e+01  -9.067152e+00  -1.575539e+01  -1.363154e+01
2.930949e+00  -6.940060e+00  -1.399951e+01  -9.073274e+00  -1.575539e+01  -1.361867e+01
2.933993e+00  -6.946156e+00  -1.403939e+01  -9.079353e+00  -1.575539e+01  -1.365502e+01
2.937016e+00  -6.952209e+00  -1.395605e+01  -9.085389e+00  -1.575539e+01  -1.363154e+01
2.940018e+00  -6.958220e+00  -1.399196e+01  -9.091384e+00  -1.575539e+01  -1.368720e+01
2.943000e+00  -6.964189e+00  -1.399951e+01  -9.097339e+00  -1.575539e+01  -1.370617e+01
2.945961e+00  -6.970118e+00  -1.399196e+01  -9.103251e+00  -1.575539e+01  -1.368351e+01
2.948902e+00  -6.976007e+00  -1.405642e+01  -9.109124e+00  -1.575539e+01  -1.369469e+01
2.951823e+00  -6.981856e+00  -1.403111e+01  -9.114959e+00  -1.575539e+01  -1.371400e+01
2.954725e+00  -6.987666e+00  -1.407415e+01  -9.120753e+00  -1.575539e+01  -1.371400e+01
2.957607e+00  -6.993438e+00  -1.409263e+01  -9.126510e+00  -1.575539e+01  -1.376416e+01
2.960471e+00  -6.999171e+00  -1.404782e+01  -9.132228e+00  -1.575539e+01  -1.380115e+01
2.963316e+00  -7.004867e+00  -1.405642e+01  -9.137910e+00  -1.575539e+01  -1.373420e+01
2.966142e+00  -7.010525e+00  -1.408329e+01  -9.143555e+00  -1.575539e+01  -1.381091e+01
2.968950e+00  -7.016147e+00  -1.412192e+01  -9.149163e+00  -1.575539e+01  -1.378691e+01
2.971740e+00  -7.021733e+00  -1.416433e+01  -9.154734e+00  -1.575539e+01  -1.375539e+01
2.974512e+00  -7.027283e+00  -1.418719e+01  -9.160272e+00  -1.575539e+01  -1.385776e+01
2.977266e+00  -7.032798e+00  -1.421132e+01  -9.165773e+00  -1.575539e+01  -1.376416e+01
2.980003e+00  -7.038278e+00  -1.415333e+01  -9.171239e+00  -1.575539e+01  -1.387458e+01
2.982723e+00  -7.043724e+00  -1.415333e+01  -9.176671e+00  -1.575539e+01  -1.383631e+01
2.985426e+00  -7.049136e+00  -1.407415e+01  -9.182071e+00  -1.575539e+01  -1.388616e+01
2.988113e+00  -7.054514e+00  -1.415333e+01  -9.187437e+00  -1.575539e+01  -1.385230e+01
2.990783e+00  -7.059859e+00  -1.412192e+01  -9.192771e+00  -1.575539e+01  -1.385230e+01
2.993436e+00  -7.065171e+00  -1.422391e+01  -9.198071e+00  -1.575539e+01  -1.385230e+01
2.996074e+00  -7.070452e+00  -1.427827e+01  -9.203338e+00  -1.575539e+01  -1.386890e+01
2.998695e+00  -7.075700e+00  -1.412192e+01  -9.208574e+00  -1.575539e+01  -1.390413e+01
